Credit 10 Times	PDF Value
[0.0000, 5.6595)	0.027523
[5.6595, 11.3190)	0.023266
[11.3190, 16.9785)	0.019653
[16.9785, 22.6380)	0.016595
[22.6380, 28.2975)	0.013957
[28.2975, 33.9570)	0.011817
[33.9570, 39.6165)	0.010010
[39.6165, 45.2760)	0.008392
[45.2760, 50.9355)	0.007138
[50.9355, 56.5950)	0.006050
[56.5950, 62.2545)	0.005036
[62.2545, 67.9140)	0.004242
[67.9140, 73.5735)	0.003573
[73.5735, 79.2330)	0.003044
[79.2330, 84.8925)	0.002525
[84.8925, 90.5520)	0.002176
[90.5520, 96.2115)	0.001800
[96.2115, 101.8710)	0.001538
[101.8710, 107.5305)	0.001328
[107.5305, 113.1900)	0.001096
[113.1900, 118.8495)	0.000921
[118.8495, 124.5090)	0.000797
[124.5090, 130.1685)	0.000638
[130.1685, 135.8280)	0.000574
[135.8280, 141.4875)	0.000451
[141.4875, 147.1470)	0.000409
[147.1470, 152.8065)	0.000331
[152.8065, 158.4660)	0.000281
[158.4660, 164.1255)	0.000241
[164.1255, 169.7850)	0.000208
[169.7850, 175.4445)	0.000164
[175.4445, 181.1040)	0.000136
[181.1040, 186.7635)	0.000121
[186.7635, 192.4230)	0.000108
[192.4230, 198.0825)	0.000090
[198.0825, 203.7420)	0.000072
[203.7420, 209.4015)	0.000058
[209.4015, 215.0610)	0.000055
[215.0610, 220.7205)	0.000043
[220.7205, 226.3800)	0.000040
[226.3800, 232.0395)	0.000032
[232.0395, 237.6990)	0.000025
[237.6990, 243.3585)	0.000020
[243.3585, 249.0180)	0.000016
[249.0180, 254.6775)	0.000016
[254.6775, 260.3370)	0.000014
[260.3370, 265.9965)	0.000011
[265.9965, 271.6560)	0.000008
[271.6560, 277.3155)	0.000010
[277.3155, 282.9750)	0.000006
[282.9750, 288.6345)	0.000005
[288.6345, 294.2940)	0.000006
[294.2940, 299.9535)	0.000004
[299.9535, 305.6130)	0.000004
[305.6130, 311.2725)	0.000002
[311.2725, 316.9320)	0.000002
[316.9320, 322.5915)	0.000002
[322.5915, 328.2510)	0.000002
[328.2510, 333.9105)	0.000002
[333.9105, 339.5700)	0.000002
[339.5700, 345.2295)	0.000001
[345.2295, 350.8890)	0.000001
[350.8890, 356.5485)	0.000001
[356.5485, 362.2080)	0.000001
[362.2080, 367.8675)	0.000001
[367.8675, 373.5270)	0.000001
[373.5270, 379.1865)	0.000000
[379.1865, 384.8460)	0.000000
[384.8460, 390.5055)	0.000000
[390.5055, 396.1650)	0.000000
[396.1650, 401.8245)	0.000000
[401.8245, 407.4840)	0.000000
[407.4840, 413.1435)	0.000000
[413.1435, 418.8030)	0.000000
[418.8030, 424.4625)	0.000000
[424.4625, 430.1220)	0.000000
[430.1220, 435.7815)	0.000000
[435.7815, 441.4410)	0.000000
[441.4410, 447.1005)	0.000000
[447.1005, 452.7600)	0.000000
[452.7600, 458.4195)	0.000000
[458.4195, 464.0790)	0.000000
[464.0790, 469.7385)	0.000000
[469.7385, 475.3980)	0.000000
[475.3980, 481.0575)	0.000000
[481.0575, 486.7170)	0.000000
[486.7170, 492.3765)	0.000000
[492.3765, 498.0360)	0.000000
[498.0360, 503.6955)	0.000000
[503.6955, 509.3550)	0.000000
[509.3550, 515.0145)	0.000000
[515.0145, 520.6740)	0.000000
[520.6740, 526.3335)	0.000000
[526.3335, 531.9930)	0.000000
[531.9930, 537.6525)	0.000000
[537.6525, 543.3120)	0.000000
[543.3120, 548.9715)	0.000000
[548.9715, 554.6310)	0.000000
[554.6310, 560.2905)	0.000000
[560.2905, 565.9500)	0.000000
