Credit 5 Times	PDF Value
[0.0000, 9.3359)	0.013948
[9.3359, 18.6719)	0.012124
[18.6719, 28.0078)	0.010645
[28.0078, 37.3437)	0.009212
[37.3437, 46.6796)	0.007978
[46.6796, 56.0155)	0.006963
[56.0155, 65.3515)	0.006060
[65.3515, 74.6874)	0.005257
[74.6874, 84.0233)	0.004618
[84.0233, 93.3592)	0.003958
[93.3592, 102.6951)	0.003444
[102.6951, 112.0311)	0.002985
[112.0311, 121.3670)	0.002611
[121.3670, 130.7029)	0.002265
[130.7029, 140.0388)	0.001962
[140.0388, 149.3747)	0.001723
[149.3747, 158.7107)	0.001481
[158.7107, 168.0466)	0.001288
[168.0466, 177.3825)	0.001126
[177.3825, 186.7184)	0.000964
[186.7184, 196.0543)	0.000837
[196.0543, 205.3903)	0.000739
[205.3903, 214.7262)	0.000643
[214.7262, 224.0621)	0.000559
[224.0621, 233.3980)	0.000491
[233.3980, 242.7339)	0.000423
[242.7339, 252.0699)	0.000363
[252.0699, 261.4058)	0.000324
[261.4058, 270.7417)	0.000278
[270.7417, 280.0776)	0.000246
[280.0776, 289.4136)	0.000204
[289.4136, 298.7495)	0.000184
[298.7495, 308.0854)	0.000153
[308.0854, 317.4213)	0.000138
[317.4213, 326.7572)	0.000117
[326.7572, 336.0932)	0.000105
[336.0932, 345.4291)	0.000091
[345.4291, 354.7650)	0.000079
[354.7650, 364.1009)	0.000066
[364.1009, 373.4368)	0.000060
[373.4368, 382.7728)	0.000053
[382.7728, 392.1087)	0.000046
[392.1087, 401.4446)	0.000040
[401.4446, 410.7805)	0.000037
[410.7805, 420.1164)	0.000028
[420.1164, 429.4524)	0.000026
[429.4524, 438.7883)	0.000022
[438.7883, 448.1242)	0.000019
[448.1242, 457.4601)	0.000019
[457.4601, 466.7960)	0.000015
[466.7960, 476.1320)	0.000012
[476.1320, 485.4679)	0.000010
[485.4679, 494.8038)	0.000009
[494.8038, 504.1397)	0.000010
[504.1397, 513.4756)	0.000007
[513.4756, 522.8116)	0.000006
[522.8116, 532.1475)	0.000005
[532.1475, 541.4834)	0.000005
[541.4834, 550.8193)	0.000005
[550.8193, 560.1552)	0.000003
[560.1552, 569.4912)	0.000003
[569.4912, 578.8271)	0.000002
[578.8271, 588.1630)	0.000002
[588.1630, 597.4989)	0.000002
[597.4989, 606.8348)	0.000001
[606.8348, 616.1708)	0.000001
[616.1708, 625.5067)	0.000001
[625.5067, 634.8426)	0.000002
[634.8426, 644.1785)	0.000001
[644.1785, 653.5145)	0.000001
[653.5145, 662.8504)	0.000001
[662.8504, 672.1863)	0.000001
[672.1863, 681.5222)	0.000001
[681.5222, 690.8581)	0.000000
[690.8581, 700.1941)	0.000001
[700.1941, 709.5300)	0.000001
[709.5300, 718.8659)	0.000000
[718.8659, 728.2018)	0.000000
[728.2018, 737.5377)	0.000000
[737.5377, 746.8737)	0.000000
[746.8737, 756.2096)	0.000000
[756.2096, 765.5455)	0.000000
[765.5455, 774.8814)	0.000000
[774.8814, 784.2173)	0.000000
[784.2173, 793.5533)	0.000000
[793.5533, 802.8892)	0.000000
[802.8892, 812.2251)	0.000000
[812.2251, 821.5610)	0.000000
[821.5610, 830.8969)	0.000000
[830.8969, 840.2329)	0.000000
[840.2329, 849.5688)	0.000000
[849.5688, 858.9047)	0.000000
[858.9047, 868.2406)	0.000000
[868.2406, 877.5765)	0.000000
[877.5765, 886.9125)	0.000000
[886.9125, 896.2484)	0.000000
[896.2484, 905.5843)	0.000000
[905.5843, 914.9202)	0.000000
[914.9202, 924.2561)	0.000000
[924.2561, 933.5921)	0.000000
